# hw04

## Problem 3

```n = 10
A =
{{1.12279, 0.107566, 1.03951, -0.185596, -1.22425, -0.107445, -0.132262, 0.0987221, -0.701852, -0.742327},
 {0.107566, 1.36688, 0.6776, -0.352091, 0.849067, 0.159428, 0.742105, -0.779646, 0.804192, 0.332808},
 {1.03951, 0.6776, 0.604894, 0.37268, 1.44363, 1.2651, -0.0690469, -0.470726, -0.20357, -0.230351},
 {-0.185596, -0.352091, 0.37268, -0.442653, -0.636187, -0.897181, -0.38926, 1.01398, 0.223816, 0.464745},
 {-1.22425, 0.849067, 1.44363, -0.636187, -1.6054, 1.1261, 0.0333511, -0.302485, 0.926079, 0.367015},
 {-0.107445, 0.159428, 1.2651, -0.897181, 1.1261, -1.17052, 0.351261, -0.56006, 0.368846, 0.178639},
 {-0.132262, 0.742105, -0.0690469, -0.38926, 0.0333511, 0.351261, -0.0123448, 0.520976, 0.708466, 0.0487293},
 {0.0987221, -0.779646, -0.470726, 1.01398, -0.302485, -0.56006, 0.520976, 0.431034, -1.18529, -0.96201},
 {-0.701852, 0.804192, -0.20357, 0.223816, 0.926079, 0.368846, 0.708466, -1.18529, -0.578909, 1.57729},
 {-0.742327, 0.332808, -0.230351, 0.464745, 0.367015, 0.178639, 0.0487293, -0.96201, 1.57729, -0.868353}}
Hessenberg matrix =
{{1.12279, -1.92557, 2.22045e-16, 0, -2.22045e-16, -1.38778e-17, 0, 1.38778e-17, -1.11022e-16, -1.11022e-16},
 {-1.92557, -0.458163, 2.20056, -5.55112e-17, 2.22045e-16, 1.38778e-16, -1.11022e-16, 1.11022e-16, 2.22045e-16, 0},
 {2.22045e-16, 2.20056, 0.175024, -2.19381, 4.44089e-16, 8.32667e-17, 0, 2.22045e-16, 1.94289e-16, 5.55112e-17},
 {0, -5.55112e-17, -2.19381, 1.25311, 2.14846, 0, 1.11022e-16, 0, 4.44089e-16, -2.22045e-16},
 {-2.22045e-16, 0, 0, 2.14846, 0.148645, 0.901688, 4.996e-16, -9.71445e-17, 2.77556e-16, 1.66533e-16},
 {-1.38778e-17, 0, 0, 2.22045e-16, 0.901688, -0.133018, 0.584996, 1.94289e-16, 0, 3.747e-16},
 {0, 0, 0, -5.55112e-17, 0, 0.584996, -1.81983, -0.9102, 2.22045e-16, -1.94289e-16},
 {1.38778e-17, 0, 0, 2.77556e-17, 0, -2.77556e-17, -0.9102, 0.385863, 0.332369, 1.63931e-16},
 {-1.11022e-16, 2.22045e-16, 0, 2.22045e-16, 0, 1.11022e-16, -1.11022e-16, 0.332369, -0.0934037, -1.37679},
 {-1.11022e-16, 0, 0, 5.55112e-17, 0, -1.38778e-17, -2.77556e-17, 0, -1.37679, -1.7336}}
Q =
{{1, 0, 0, 0, 0, 0, 0, 0, 0, 0},
 {0, -0.055862, 0.254209, -0.51812, -0.204945, 0.507284, 0.332858, -0.134454, -0.457496, 0.162155},
 {0, -0.539845, 0.122244, -0.292623, -0.420866, -0.418713, -0.325667, 0.205205, 0.00835417, 0.327582},
 {0, 0.0963849, -0.205651, -0.041378, 0.369461, -0.226195, -0.167641, 0.414432, -0.74743, -0.0230397},
 {0, 0.635787, -0.480703, -0.397183, -0.359148, -0.0662268, -0.206104, -0.0336239, 0.102024, 0.139834},
 {0, 0.0557989, 0.0699905, -0.0587203, -0.409862, -0.405496, 0.452439, 0.11822, -0.104489, -0.653093},
 {0, 0.0686874, 0.127255, -0.183284, 0.288923, -0.533702, 0.0729784, -0.732708, -0.138201, 0.126071},
 {0, -0.051269, -0.291226, 0.623804, -0.442511, -0.0120063, 0.18228, -0.234102, -0.357119, 0.334521},
 {0, 0.364491, 0.622295, 0.229257, -0.251928, 0.0522227, -0.536043, -0.0936292, -0.204222, -0.152728},
 {0, 0.385511, 0.392315, 0.0878922, 0.0680734, -0.244246, 0.426579, 0.390539, 0.14936, 0.518321}}
(A - QHQT) Frobenius norm: 3.34978e-15
```

## Problem 4
```
A =
{{1.12279, 0.302805, 0.0708592, 0.0730414, -1.42233, 1.52007, -0.291394, -0.13309, -0.17307, -1.76165},
 {-0.0876731, 1.36688, 1.12531, -0.358996, 1.22061, -1.3395, 0.428373, -0.123463, 1.41438, -0.124051},
 {2.00816, 0.229887, 0.604894, 1.62716, 1.59456, 0.230434, -0.0649103, -0.96898, 0.591243, -0.782776},
 {-0.444233, -0.345186, -0.881801, -0.442653, -0.540916, -1.32323, -0.112799, 0.907346, 0.81527, 0.229098},
 {-1.02618, 0.477525, 1.2927, -0.731458, -1.6054, 0.989476, 0.110815, -0.380931, 0.114959, 0.345313},
 {-1.73496, 1.65835, 2.29977, -0.471135, 1.26272, -1.17052, 1.06579, -0.699937, 0.144079, 0.398542},
 {0.0268692, 1.05584, -0.0731834, -0.665721, -0.0441124, -0.363267, -0.0123448, 0.0421215, 1.9593, -0.198426},
 {0.330534, -1.43583, 0.0275283, 1.1206, -0.224039, -0.420183, 0.99983, 0.431034, -0.650913, -1.49874},
 {-1.23063, 0.194007, -0.998382, -0.367638, 1.7372, 0.593613, -0.542364, -1.71967, -0.578909, 1.42695},
 {0.276997, 0.789667, 0.322074, 0.700392, 0.388717, -0.0412639, 0.295884, -0.42528, 1.72764, -0.868353}}
Bi-diagonal matrix =
{{-3.35599, -3.24608, -1.11022e-16, 0, 0, 1.11022e-16, 0, 0, -5.55112e-17, 0},
 {-1.38778e-17, 2.21308, 3.02125, -4.44089e-16, -8.88178e-16, 2.77556e-17, 2.22045e-16, 1.11022e-16, -6.66134e-16, 3.33067e-16},
 {4.44089e-16, 2.22045e-16, 3.43439, -1.88526, 5.55112e-17, 1.11022e-16, -2.22045e-16, 0, 5.55112e-17, 5.55112e-17},
 {-5.55112e-17, -5.55112e-17, 6.93889e-18, 2.17946, 2.48364, 8.32667e-17, 1.11022e-16, -6.66134e-16, 4.44089e-16, 8.32667e-17},
 {-2.22045e-16, -5.55112e-17, 0, 0, -1.30759, 3.10277, 5.55112e-17, 1.11022e-16, -8.88178e-16, 2.22045e-16},
 {-2.22045e-16, 2.77556e-17, 0, 0, 1.11022e-16, -1.39602, 0.351092, 0, 0, 0},
 {6.93889e-18, 5.55112e-17, 0, -5.55112e-17, 5.55112e-17, 0, -1.31722, 2.9844, 0, 1.11022e-16},
 {5.55112e-17, -2.22045e-16, 0, 2.22045e-16, -2.77556e-17, 0, 0, -0.632291, -0.940392, 1.11022e-16},
 {-2.22045e-16, -2.77556e-17, 1.11022e-16, -2.22045e-16, -1.11022e-16, 0, 0, 2.22045e-16, -0.481168, 0.0643337},
 {5.55112e-17, -5.55112e-17, 0, -5.55112e-17, 2.22045e-16, -1.11022e-16, 0, 5.55112e-17, 2.77556e-17, 0.345118}}
Q =
{{-0.334564, 0.251641, 0.00594927, 0.0308093, -0.307469, 0.113667, 0.352389, -0.660579, -0.243791, 0.310363},
 {0.0261243, -0.472738, -0.256282, 0.253028, -0.0412481, 0.243418, -0.248404, -0.475324, 0.543918, -0.0411567},
 {-0.59838, -0.368602, -0.279944, 0.0486585, 0.321573, 0.00437809, 0.251081, 0.327732, 0.00677593, 0.389119},
 {0.13237, 0.0928314, 0.00722756, -0.117896, -0.256436, 0.0754165, -0.54941, 0.149221, 0.0156987, 0.751064},
 {0.305775, 0.134162, 0.110549, 0.204567, -0.237194, 0.324882, 0.579611, 0.31112, 0.447169, 0.199797},
 {0.516973, -0.197759, -0.379934, 0.475381, 0.0600922, -0.238071, 0.149068, -0.0542891, -0.451114, 0.185289},
 {-0.00800635, -0.192082, -0.217163, -0.127707, -0.264194, 0.735181, -0.0663359, 0.189807, -0.440643, -0.233855},
 {-0.0984908, 0.655662, -0.314122, 0.369495, 0.430984, 0.301392, -0.206195, 0.0120585, 0.065812, -0.0403762},
 {0.366698, 0.0146467, -0.239904, -0.665294, 0.460303, 0.155268, 0.206108, -0.233598, 0.0597643, 0.16894},
 {-0.082538, 0.211186, -0.704206, -0.23553, -0.455298, -0.323199, 0.0407099, 0.132452, 0.197212, -0.165408}}
P =
{{1, 0, 0, 0, 0, 0, 0, 0, 0, 0},
 {0, -0.275229, -0.435635, -0.065038, 0.182965, -0.299541, -0.562039, 0.0322831, 0.536575, -0.0468779},
 {0, -0.220695, -0.174241, 0.305621, 0.692457, 0.165808, 0.0496773, 0.450951, -0.329382, 0.0788959},
 {0, 0.56405, -0.231986, 0.0444867, 0.0607644, 0.330183, -0.583912, -0.244885, -0.317505, 0.107731},
 {0, -0.0835634, -0.623571, -0.0542294, -0.212597, 0.565586, 0.322335, -0.000523815, 0.140902, -0.335256},
 {0, 0.275344, 0.118195, -0.277925, -0.14787, -0.0935218, -0.201348, 0.676334, -0.0973198, -0.543067},
 {0, -0.121925, 0.173442, 0.78087, -0.161394, -0.0140174, -0.178063, -0.160817, -0.00138099, -0.511351},
 {0, 0.115644, 0.15132, -0.307804, 0.591414, -0.0322105, 0.137379, -0.457586, 0.0498071, -0.536132},
 {0, 0.107157, -0.513495, 0.053242, -0.101192, -0.653036, 0.2167, -0.128328, -0.459772, -0.102434},
 {0, -0.659448, 0.0811007, -0.335959, -0.173821, 0.132055, -0.314183, -0.162753, -0.509497, -0.115081}}
n = 10
(A - QBPT) Frobenius norm: 7.58046e-15
```
